0 0.000000
1 0.099833
2 0.198669
3 0.295520
4 0.389418
5 0.479426
6 0.564642
7 0.644218
8 0.717356
9 0.783327
10 0.841471
11 0.891207
12 0.932039
13 0.963558
14 0.985450
15 0.997495
16 0.999574
17 0.991665
18 0.973848
19 0.946300
20 0.909297
21 0.863209
22 0.808496
23 0.745705
24 0.675463
25 0.598472
26 0.515501
27 0.427380
28 0.334988
29 0.239249
30 0.141120
31 0.041581
32 -0.058374
33 -0.157746
34 -0.255541
35 -0.350783
36 -0.442520
37 -0.529836
38 -0.611858
39 -0.687766
40 -0.756802
41 -0.818277
42 -0.871576
43 -0.916166
44 -0.951602
45 -0.977530
46 -0.993691
47 -0.999923
48 -0.996165
49 -0.982453
50 -0.958924
51 -0.925815
52 -0.883455
53 -0.832267
54 -0.772764
55 -0.705540
56 -0.631267
57 -0.550686
58 -0.464602
59 -0.373877
60 -0.279415
61 -0.182163
62 -0.083089
63 0.016814
64 0.116549
65 0.215120
66 0.311541
67 0.404850
68 0.494113
69 0.578440
70 0.656987
71 0.728969
72 0.793668
73 0.850437
74 0.898708
75 0.938000
76 0.967920
77 0.988168
78 0.998543
79 0.998941
80 0.989358
81 0.969890
82 0.940731
83 0.902172
84 0.854599
85 0.798487
86 0.734397
87 0.662969
88 0.584917
89 0.501021
90 0.412118
91 0.319098
92 0.222890
93 0.124454
94 0.024775
95 -0.075151
96 -0.174327
97 -0.271761
98 -0.366479
99 -0.457536
100 -0.544021
